46 55 110 106 42 100 108 38 59 99 74 103 64 126 93 112 115 34 48 112 68 113 55 53  52 89 118 56 79 
93 103 78 88 81 80 102 67 57 83 107 78 35 103 46 66 44 122 121 116 68 97 69 42 46 
76 65 90 124 99 61 36 61 54 111 34 102 44 39 121 59 126 71 89 99 36 82 90 103 46 60 57 98 67 105 77 82 123 122 
93 98 72 124 112 83 110 74 54 64 116 103 116 79 89 105 58 37 122 49 93 91 87 108 108 67 124 56 60 124 110 89 54 120 87 94 74 63 
73 107 72 119 76 40 58 34 124 77 109 105 63 105 111 107 118 46 53 44  83 87 41 107 74 48 35 95 56 119 125 81 116 119 74 96 
86 53 44 43 109 118 102 51 44 45  87 58 59 63  53 45 121 47 89 59 62 46 123 43 55 89 42 52 46 72 116 76 45 
77 39 103 126 66 87 52 105 90 76 124 44 41 53 94 43 67 108 49 39 114 106 124 57 56 54 44 104 73 61 62 68 116 
89 74 76 68 72 39 103 87 67 75 111 56 71 118 99 67 112 112 38 38 125 43 49 75 74 102 120 57 34 92 34 41 48 108 61 87 34 76 86 106 59 60 39 49 57 74 112 38 51 57 89 64 104 79 110 35 95 73 54 58 50 92 65 98 85 52 69 117 110 67 68 115 76 123 49 83 55 61 86 94 62 56 117 85 121 97 102 104 80 34 49 49 46 78 51 120 65 121 37 68 73 113 112 84 84 64 107 75 40 37 79 37 108 75 86 118 112 38 94 40 115 43 92 117 49 79 78 102 116 78 85 63 45 117 46 89 93 76  71 106 64 70 73 71 48 95 82 117 91 68 67 106 91 63 71 
105 113 116 58 120 61 126 112 97 106 113 119 71 98 124 84 106 59 87 44 75 96 117 54 79 112 59 62 112 66 80 71 55 81 49 100 126 62 122 76 95 40 64 49 82 118 76 121 72 36 49 97 105 57 43 38 92 122 47 106 64 119 90 62 52 63 70 92 75 78 104 113 83 67 36 80 60 48 47 75 55 93 123 35 40 92 106 71 114 72 41 87 82 121 125 113 72 55 107 78 108 106 38 76 101 66 42 122 88 92 48 114 62 54 53 46 100 75 33 90 115 102 125 58 54 
97 102 77 95 98 112 115 91 61 60 38 97 89 65 104 91 94 96 97 120 115 80 105 69 104 40 40 50 98 43 118 114 47 118 89 68 97 50 109 95 70 106 87 87 99 48 37 110 37 110 38 101 97 92 77 126 56 92 70 101 126 35 96 81 73 
42 97 45 110 73 75 68 37 94 117 69 65 92 52 105 117 78 56 95 122 
125 114 76 117 89 86 97 38 70 66 101 113 
54 33 61 114 52 115 88 92 98 115 108 80 80 116 74 88 40 100 86 46 
56 121 38 110 67 71 33 115 83 40 116 94 104 52 98 92 123 80 35 86 81 36 77 
87 78 106 81 97 108 49 65 89 45 102 55 101 61 110 104 105 60 111 89 82 36 66 
83 55 58 112 35 76 120 77 115 69 125 87 83 36 91 45 121 125 72 71 123 50 102 67 64 36 126 117 74 113 52 77 
41 80 39 123 56 78 50 100 66 49 51 47 103 62 86 35 89 119 124 80 114 123 103 111 91 115 70 97 50 92 111 65 52 74 34 108 124 87 103 106 117 92 81 103 33 125 68 
75 122 91 35 119 73 33 52 70 124 50 39 118 111 41 93 70 36 92 49 69 49 91 92 36 40 48 103 118 120 109 105 92 88 44 107 38 126 119 37 88 104 113 
56 41 87 113 100 103 41 44 110 113 55 104 77 41 64 122 85 97 110 67 50 89 57 74 115 111 38 85 100 63 54 112 81 99 
122 76 36 50 123 115 106 80 34 60 94 124 54 90 68 99 35 101 92 49 58 58 39 76 76 40 107 120 83 106 103 96 89 80 111 
124 62 103 91 45 52 78 56 111 78 71 50 38 66 58 44 76 104 109 59 36 96 78 59 64 117 116 33 116 72 102 45 100 86 124 100 67 61 54 110 117 94 111 53 47 68 79 115 57 120 62 78 108 41 35 51 77 50 111 114 36 43 101 114 60 48 106 92 111 103 99 114 51 75 94 66 37 100 106 100 90 73 81 56 84 63 40 81 
52 70 40 81 80 64  113 80 61 78 99 74 99 82 115 64 115 114 90 87 34 36 80 103 121 34 105 50 50 68 77 96 85 50 38 118 108 55 119 58 66 101 108 88 87 113 47 42 112 56 93 124 94 126 76 101 115 47 115 120 68 103 83 119 71 74 59 122 57 122 125 85 47 96 
